19
20
24
34
37
39
51
54
55
57
64
67
77
81
100
105
122
123
124
130
131
141
144
150
151
167
174
179
180
182
183
185
193
194
197
208
213
218
241
244
245
246
253
258
261
267
268
272
275
285
293
295
301
318
321
324
330
332
337
344
347
350
359
365
368
370
384
390
402
404
405
415
418
420
422
424
425
428
431
436
455
458
459
461
464
467
474
481
495
498
500
501
504
509
510
512
522
533
548
550
554
556
560
567
568
572
577
581
595
598
610
612
625
633
635
638
642
651
655
657
659
663
669
673
674
676
682
684
688
692
694
700
703
708
710
718
722
728
738
740
741
742
744
751
753
754
758
759
761
763
768
784
793
804
824
832
835
836
847
851
852
853
856
860
876
877
882
883
890
895
904
909
911
917
931
934
937
941
943
944
954
957
959
961
965
967
969
970
972
973
976
978
979
984
988
993
1001
1002
1003
1004
1006
1010
1013
