2
3
12
16
25
27
29
33
36
48
52
54
55
56
60
62
69
70
77
80
84
86
87
88
90
97
99
109
110
118
121
124
126
127
132
135
140
141
142
143
149
150
152
153
166
169
170
173
176
177
180
192
193
194
196
197
202
203
221
226
229
230
232
239
243
244
245
246
247
248
251
253
254
262
265
267
272
278
280
281
283
290
294
301
304
305
318
323
326
330
331
333
344
348
349
352
358
359
367
372
375
382
392
395
402
412
424
432
434
435
442
443
445
448
460
466
473
477
478
480
485
491
497
499
500
504
505
507
508
509
511
521
525
526
530
532
540
541
546
549
550
555
556
559
562
563
564
573
575
586
599
601
605
610
613
628
632
633
636
639
642
645
648
650
651
668
669
676
677
679
688
696
699
701
703
704
709
717
723
739
752
753
763
774
779
780
783
788
789
792
794
801
805
806
821
826
827
829
830
831
832
834
840
852
861
863
869
870
887
890
892
893
897
898
911
915
921
924
928
931
933
938
945
946
947
948
956
961
967
971
975
977
979
983
988
998
999
1003
1004
1010
1011
1012
1013
1017
1022
1023
1026
1029
1030
1032
1035
1039
1049
1052
1053
1058
1059
1060
1061
1062
1065
1067
1069
1075
1078
1079
1080
1081
1082
1085
1086
1088
1089
1094
1095
1096
1099
1103
1104
1107
1108
1109
1115
1116
1117
1118
1119
1122
1123
1127
1129
1130
1131
1132
1134
1135
1136
1139
1143
1144
1145
1148
1150
1152
1153
1155
1158
1159
1160
1165
1166
1171
1173
1174
1176
1177
1178
1179
1183
1185
1186
1189
1191
1192
1196
1198
1200
1203
1204
1206
1208
1210
1213
1214
1221
1227
1231
1232
1239
1241
1243
1244
1248
1249
1250
1253
1257
1259
1261
1262
1266
1267
1268
1269
1271
1272
1274
1275
1279
1281
1285
1286
1287
1291
1292
1293
1294
1297
1298
1300
1307
1308
1310
1311
1313
1316
1318
1325
1326
1328
1332
1333
1334
1339
1342
1347
1348
1350
1351
1355
1364
1367
1368
1370
1374
1376
1380
1391
1392
1393
1395
1396
1398
1399
1401
1403
1405
1406
1407
1408
1413
1418
1419
1422
1423
1426
1427
1429
1433
1436
1439
1442
1444
1445
1448
1449
1450
1451
1454
1455
1456
1458
1459
1460
1461
1464
1470
1472
1473
1476
1477
1479
1481
1482
1483
1485
1486
1487
1488
1489
1491
1492
1494
1496
1498
1499
1500
1502
1503
1504
1505
1506
1508
1510
1511
1513
1515
1516
1517
1518
1519
1520
1521
1522
1524
1525
1526
1528
1529
1531
1533
1535
1536
1538
1539
1541
1542
1543
1546
1548
1549
1550
