1
2
3
4
5
6
7
8
9
11
12
13
14
15
16
17
18
19
20
22
23
24
25
26
27
28
29
30
31
32
33
34
35
38
39
40
41
42
44
45
46
47
48
49
50
51
53
54
55
57
58
59
60
61
62
63
64
65
66
67
68
69
70
71
72
73
74
75
76
77
78
80
83
84
85
86
87
88
89
91
92
94
95
96
98
99
100
101
103
104
105
106
107
108
109
110
111
112
113
114
115
116
117
118
119
120
121
124
126
128
130
131
133
136
137
138
139
142
143
144
145
146
150
151
152
153
155
157
158
159
160
162
163
164
166
167
170
171
175
177
178
179
181
182
184
188
189
190
193
194
195
197
198
199
200
201
202
203
206
207
208
210
212
213
214
216
217
218
219
221
222
223
224
227
229
230
232
235
237
238
239
241
243
244
246
247
248
249
250
251
252
253
254
256
258
260
263
265
267
268
271
272
275
276
277
279
285
286
289
294
296
298
299
300
304
306
310
312
314
318
320
321
323
328
333
335
338
339
340
341
343
345
347
350
356
357
361
363
365
366
367
368
369
370
371
372
373
378
379
381
382
384
387
390
392
393
394
397
399
400
404
408
414
416
417
418
421
422
425
428
429
437
442
444
446
448
450
456
457
462
467
470
475
477
480
491
493
496
499
503
512
513
514
518
519
521
526
528
529
530
536
547
554
558
565
567
570
572
575
578
581
584
586
591
593
614
617
620
625
628
632
646
651
656
664
667
670
677
681
687
688
690
695
704
707
711
712
721
724
726
732
737
746
754
755
764
773
774
780
783
787
788
794
798
802
824
826
839
841
852
862
863
865
873
880
894
896
897
912
