8
24
55
59
68
78
86
87
99
100
108
121
124
125
128
135
136
156
162
163
165
166
170
173
174
183
185
188
199
202
204
213
215
219
222
229
230
261
268
272
288
290
299
311
315
316
327
330
331
348
350
352
361
362
363
366
369
372
373
374
378
387
388
389
391
397
398
399
401
410
412
417
425
426
427
440
441
444
450
454
465
466
473
484
487
488
490
495
503
508
517
522
524
534
536
539
546
557
562
565
578
579
593
594
597
598
602
606
610
624
631
633
634
640
641
643
653
654
661
662
673
678
680
681
684
691
693
695
706
714
715
